# Created by Octave 5.2.0, Fri Oct 16 09:37:44 2020 CEST <bralet@bralet-MacBookAir>
# name: P_point
# type: matrix
# rows: 7
# columns: 3
 -208.96799999999999 42.939 125.31
 -158.95500000000001 14.249000000000001 183.60599999999999
 -143.55000000000001 -5.9660000000000002 114.17400000000001
 -300.26999999999998 118.268 220.75899999999999
 -249.55699999999999 188.25700000000001 255.07599999999999
 -337.41000000000003 188.72300000000001 101.699
 -158.55289999999999 21.286000000000001 118.5859


