# Created by Octave 5.2.0, Fri Oct 16 09:37:44 2020 CEST <bralet@bralet-MacBookAir>
# name: Q_point
# type: matrix
# rows: 7
# columns: 3
 -132.41 36.640000000000001 178.43000000000001
 -57.875500000000002 7.4180000000000001 168.09
 -112.58 -8.0800000000000001 108.379
 -101.702 109.663 309.005
 -44.340000000000003 178.97999999999999 286.45999999999998
 -219.875 181.863 279.63900000000001
 -106.996 16.238 134.25700000000001


